2 0.5109375 0.44366197183098594 0.13125 0.4225352112676056
2 0.6507812500000001 0.3075117370892019 0.1421875 0.431924882629108
2 0.56171875 0.8227699530516432 0.2734375 0.255868544600939
2 0.34296875000000004 0.7570422535211268 0.18281250000000002 0.43427230046948356
2 0.15937500000000002 0.7453051643192489 0.203125 0.3779342723004695
2 0.203125 0.4706572769953052 0.284375 0.18544600938967137
2 0.28125 0.26291079812206575 0.278125 0.1971830985915493
2 0.42500000000000004 0.04812206572769953 0.22812500000000002 0.10093896713615023
2 0.8914062500000001 0.4119718309859155 0.1453125 0.5
2 0.9203125000000001 0.6784037558685446 0.15625 0.29577464788732394
2 0.7609375 0.6326291079812206 0.140625 0.5046948356807511
2 0.88671875 0.05868544600938967 0.2234375 0.12206572769953052
2 0.95859375 0.8591549295774648 0.07968750000000001 0.023474178403755867
