2 0.40703125 0.3043933054393305 0.3828125 0.612970711297071
2 0.26796875000000003 0.2730125523012552 0.5390625 0.5418410041841004
2 0.1796875 0.5836820083682008 0.284375 0.7322175732217573
2 0.22265625 0.8023012552301254 0.32343750000000004 0.32426778242677823
2 0.91953125 0.49058577405857734 0.15781250000000002 0.3410041841004184
2 0.29453125 0.1422594142259414 0.43281250000000004 0.28870292887029286
2 0.37578125 0.4466527196652719 0.34218750000000003 0.604602510460251
2 0.11015625000000001 0.1213389121338912 0.2171875 0.24686192468619245
2 0.07265625 0.07531380753138074 0.1484375 0.15481171548117154
2 0.09531250000000001 0.4497907949790795 0.19375 0.47698744769874474
2 0.7312500000000001 0.865062761506276 0.42812500000000003 0.2615062761506276
2 0.84921875 0.2646443514644351 0.2984375 0.2824267782426778
2 0.05078125 0.34832635983263593 0.1046875 0.07740585774058577
2 0.76171875 0.6506276150627615 0.4703125 0.3723849372384937
