2 0.23958333333333334 0.3828125 0.1375 0.340625
2 0.04479166666666667 0.47265625 0.08958333333333333 0.38906250000000003
2 0.040625 0.11093750000000001 0.08541666666666667 0.225
2 0.1875 0.7562500000000001 0.16666666666666666 0.33437500000000003
2 0.5635416666666666 0.13359375 0.08541666666666667 0.1640625
2 0.2625 0.96796875 0.15 0.0578125
2 0.228125 0.07500000000000001 0.07291666666666667 0.153125
2 0.3927083333333333 0.39609375 0.16041666666666665 0.33906250000000004
2 0.6927083333333334 0.77890625 0.10625 0.2546875
2 0.6854166666666667 0.58515625 0.4041666666666667 0.6015625
