2 0.5729166666666666 0.30859375 0.18333333333333332 0.07968750000000001
2 0.715625 0.6570312500000001 0.23958333333333334 0.15781250000000002
2 0.34270833333333334 0.8796875000000001 0.21458333333333332 0.084375
2 0.15520833333333334 0.78046875 0.14375 0.15156250000000002
2 0.09166666666666666 0.62109375 0.058333333333333334 0.11406250000000001
2 0.4427083333333333 0.23984375000000002 0.16041666666666665 0.0734375
2 0.609375 0.2234375 0.17291666666666666 0.043750000000000004
2 0.8375 0.2265625 0.18333333333333332 0.05
2 0.703125 0.9226562500000001 0.24791666666666667 0.11406250000000001
2 0.665625 0.21953125 0.18541666666666667 0.051562500000000004
2 0.8916666666666666 0.26328125 0.2 0.0546875
2 0.39791666666666664 0.265625 0.1625 0.09062500000000001
2 0.109375 0.67109375 0.08125 0.1296875
2 0.5270833333333333 0.7820312500000001 0.9375 0.3796875
