2 0.8718750000000001 0.34511434511434513 0.16562500000000002 0.6444906444906445
2 0.37031250000000004 0.19022869022869024 0.484375 0.22661122661122662
2 0.25546875 0.6787941787941788 0.1453125 0.5966735966735968
2 0.6820312500000001 0.6247401247401247 0.1078125 0.36382536382536385
2 0.50625 0.6507276507276507 0.11875000000000001 0.41164241164241167
2 0.59296875 0.6216216216216217 0.1078125 0.40332640332640335
2 0.8125 0.5613305613305614 0.1375 0.4282744282744283
2 0.7765625 0.814968814968815 0.44062500000000004 0.18711018711018712
2 0.08828125 0.5758835758835759 0.1609375 0.6735966735966736
2 0.42812500000000003 0.2983367983367984 0.234375 0.15176715176715178
2 0.38515625000000003 0.6787941787941788 0.15156250000000002 0.5218295218295219
2 0.6828125 0.21101871101871103 0.18125000000000002 0.4261954261954262
