2 0.2609375 0.7865566037735848 0.12187500000000001 0.4221698113207547
2 0.5320312500000001 0.37971698113207547 0.1203125 0.32547169811320753
2 0.109375 0.49528301886792453 0.20625000000000002 0.11320754716981132
2 0.18125000000000002 0.8384433962264151 0.11875000000000001 0.3136792452830189
2 0.07890625000000001 0.8160377358490566 0.11406250000000001 0.33490566037735847
2 0.6492187500000001 0.8419811320754716 0.11093750000000001 0.30660377358490565
2 0.7765625 0.8431603773584906 0.12812500000000002 0.3089622641509434
2 0.8773437500000001 0.8172169811320754 0.1203125 0.28066037735849053
2 0.5945312500000001 0.35495283018867924 0.1171875 0.28066037735849053
2 0.821875 0.3148584905660377 0.215625 0.5212264150943396
2 0.7117187500000001 0.8349056603773585 0.1171875 0.32075471698113206
2 0.6023437500000001 0.7783018867924528 0.1234375 0.32547169811320753
2 0.1 0.8714622641509434 0.034375 0.24764150943396226
2 0.4765625 0.6120283018867925 0.9500000000000001 0.7429245283018867
