2 0.439 0.604 0.266 0.15733333333333333
2 0.729 0.6333333333333333 0.262 0.09333333333333332
2 0.379 0.584 0.214 0.08
2 0.418 0.7173333333333333 0.26 0.24533333333333332
2 0.557 0.6733333333333333 0.146 0.16266666666666665
2 0.547 0.576 0.302 0.128
2 0.585 0.58 0.234 0.27999999999999997
2 0.533 0.508 0.062 0.050666666666666665
2 0.633 0.476 0.15 0.12
2 0.707 0.5333333333333333 0.146 0.10666666666666666
2 0.327 0.6693333333333333 0.106 0.10666666666666666
2 0.6970000000000001 0.6066666666666667 0.246 0.16266666666666665
2 0.775 0.4933333333333333 0.05 0.048
2 0.594 0.504 0.508 0.16533333333333333
