2 0.6328125 0.8195211786372008 0.096875 0.040515653775322284
2 0.88203125 0.7863720073664825 0.0421875 0.04788213627992634
2 0.9304687500000001 0.7918968692449355 0.0421875 0.05156537753222836
2 0.9750000000000001 0.7918968692449355 0.046875 0.04788213627992634
2 0.9765625 0.776243093922652 0.043750000000000004 0.04604051565377532
2 0.93671875 0.7790055248618785 0.0390625 0.04788213627992634
2 0.9539062500000001 0.7311233885819521 0.0390625 0.03683241252302026
2 0.90234375 0.7302025782688767 0.035937500000000004 0.04972375690607735
2 0.8921875 0.7375690607734807 0.034375 0.03130755064456722
2 0.8109375000000001 0.7302025782688767 0.037500000000000006 0.03867403314917127
2 0.8453125 0.7734806629834254 0.037500000000000006 0.04419889502762431
2 0.89453125 0.8692449355432781 0.0578125 0.05156537753222836
2 0.83125 0.7983425414364641 0.043750000000000004 0.02394106813996317
2 0.7039062500000001 0.8388581952117864 0.5859375 0.285451197053407
