2 0.39 0.6077694235588972 0.09000000000000001 0.19298245614035087
2 0.34750000000000003 0.5989974937343359 0.095 0.11027568922305764
2 0.3425 0.6929824561403508 0.07166666666666667 0.11779448621553884
2 0.4066666666666667 0.6766917293233082 0.060000000000000005 0.09523809523809523
2 0.5700000000000001 0.6867167919799498 0.14333333333333334 0.10526315789473684
2 0.3325 0.7042606516290726 0.045000000000000005 0.11528822055137844
2 0.4708333333333334 0.7982456140350876 0.06833333333333334 0.19799498746867167
2 0.4166666666666667 0.8333333333333333 0.04666666666666667 0.20802005012531327
2 0.4916666666666667 0.8145363408521302 0.02666666666666667 0.06516290726817042
2 0.5216666666666667 0.7794486215538847 0.06666666666666667 0.08521303258145363
2 0.555 0.6741854636591478 0.04 0.03007518796992481
2 0.5825 0.4548872180451128 0.36500000000000005 0.3684210526315789
2 0.3866666666666667 0.7794486215538847 0.07 0.13533834586466165
2 0.535 0.7005012531328321 0.16666666666666669 0.17794486215538846
