2 0.5164062500000001 0.49895833333333334 0.35781250000000003 0.4479166666666667
2 0.515625 0.4979166666666667 0.19062500000000002 0.5958333333333333
2 0.5765625 0.44166666666666665 0.25625000000000003 0.5416666666666666
2 0.6257812500000001 0.44166666666666665 0.1765625 0.5333333333333333
2 0.6359375 0.4083333333333333 0.19687500000000002 0.475
2 0.6648437500000001 0.46249999999999997 0.2671875 0.49583333333333335
2 0.6390625000000001 0.43333333333333335 0.384375 0.3416666666666667
2 0.6804687500000001 0.46979166666666666 0.4578125 0.29791666666666666
2 0.7156250000000001 0.5 0.4 0.3541666666666667
2 0.6890625 0.45729166666666665 0.15937500000000002 0.11041666666666666
2 0.45 0.48333333333333334 0.12187500000000001 0.09583333333333333
2 0.6687500000000001 0.7302083333333333 0.13125 0.16458333333333333
2 0.61875 0.6135416666666667 0.171875 0.22291666666666665
2 0.56171875 0.31145833333333334 0.07968750000000001 0.24791666666666667
