2 0.24609375 0.49999999999999994 0.40468750000000003 0.9906542056074765
2 0.8359375 0.49766355140186913 0.325 0.9766355140186915
2 0.66171875 0.5677570093457943 0.3515625 0.8551401869158878
2 0.66328125 0.5630841121495327 0.0765625 0.8551401869158878
2 0.47109375000000003 0.6051401869158878 0.13593750000000002 0.6962616822429906
2 0.09140625000000001 0.5210280373831775 0.1234375 0.40654205607476634
2 0.63046875 0.5677570093457943 0.051562500000000004 0.49999999999999994
2 0.22109375 0.48831775700934577 0.1296875 0.9392523364485981
2 0.115625 0.33411214953271023 0.06875 0.2757009345794392
2 0.10234375000000001 0.397196261682243 0.1203125 0.23364485981308408
2 0.54296875 0.5350467289719626 0.0890625 0.5373831775700935
2 0.7156250000000001 0.4579439252336448 0.059375000000000004 0.23364485981308408
2 0.6796875 0.37850467289719625 0.028125 0.102803738317757
2 0.11406250000000001 0.544392523364486 0.21875 0.7897196261682242
