2 0.613 0.5587349397590362 0.302 0.1957831325301205
2 0.49 0.29518072289156627 0.116 0.060240963855421686
2 0.195 0.6987951807228916 0.394 0.20481927710843376
2 0.77 0.7063253012048193 0.452 0.14156626506024098
2 0.585 0.4427710843373494 0.222 0.16265060240963855
2 0.608 0.6656626506024097 0.396 0.2530120481927711
2 0.86 0.5406626506024097 0.06 0.07530120481927711
2 0.731 0.8328313253012049 0.534 0.16566265060240964
2 0.252 0.569277108433735 0.40800000000000003 0.11445783132530121
2 0.638 0.5436746987951807 0.34400000000000003 0.1536144578313253
2 0.598 0.6265060240963856 0.088 0.024096385542168676
2 0.404 0.43975903614457834 0.116 0.04819277108433735
2 0.331 0.6069277108433735 0.29 0.06927710843373494
2 0.623 0.5617469879518072 0.746 0.4789156626506024
