2 0.2604166666666667 0.7406250000000001 0.1625 0.384375
2 0.09895833333333333 0.67734375 0.14375 0.3328125
2 0.8302083333333333 0.23125 0.33541666666666664 0.25
2 0.7104166666666667 0.18046875 0.575 0.27968750000000003
2 0.165625 0.45234375000000004 0.33541666666666664 0.1171875
2 0.11354166666666667 0.33203125 0.23124999999999998 0.1484375
2 0.34270833333333334 0.19375 0.13958333333333334 0.2625
2 0.565625 0.8031250000000001 0.3020833333333333 0.17500000000000002
2 0.5760416666666667 0.9500000000000001 0.38958333333333334 0.09375
2 0.8864583333333333 0.87109375 0.15625 0.2515625
2 0.23645833333333333 0.11875000000000001 0.12291666666666666 0.240625
2 0.7864583333333334 0.46406250000000004 0.27708333333333335 0.10312500000000001
2 0.8156249999999999 0.05859375 0.3645833333333333 0.1203125
2 0.4927083333333333 0.16953125000000002 0.98125 0.34218750000000003
