2 0.384375 0.22968750000000002 0.29375 0.15000000000000002
2 0.15 0.44375000000000003 0.13333333333333333 0.21875
2 0.18333333333333332 0.73203125 0.15416666666666667 0.22968750000000002
2 0.2916666666666667 0.59921875 0.17083333333333334 0.15781250000000002
2 0.35833333333333334 0.56015625 0.2875 0.1171875
2 0.540625 0.44921875 0.34375 0.16718750000000002
2 0.5135416666666667 0.51171875 0.3770833333333333 0.11093750000000001
2 0.740625 0.4078125 0.30625 0.11875000000000001
2 0.7375 0.49062500000000003 0.22083333333333333 0.203125
2 0.640625 0.37421875000000004 0.18958333333333333 0.17343750000000002
2 0.19791666666666666 0.390625 0.29583333333333334 0.15937500000000002
2 0.525 0.23671875 0.1125 0.17343750000000002
2 0.565625 0.24531250000000002 0.06875 0.13125
2 0.3104166666666667 0.42109375000000004 0.225 0.3515625
