2 0.487 0.6456456456456456 0.33 0.5165165165165165
2 0.338 0.9174174174174174 0.34800000000000003 0.11711711711711711
2 0.319 0.36786786786786785 0.354 0.30930930930930933
2 0.451 0.3183183183183183 0.45 0.29429429429429427
2 0.644 0.2087087087087087 0.41200000000000003 0.42342342342342343
2 0.737 0.4144144144144144 0.386 0.35435435435435436
2 0.17 0.8288288288288288 0.17200000000000001 0.18018018018018017
2 0.154 0.43843843843843844 0.312 0.32432432432432434
2 0.368 0.43993993993993996 0.20400000000000001 0.14114114114114115
2 0.203 0.6651651651651651 0.29 0.24324324324324323
2 0.811 0.26576576576576577 0.354 0.2972972972972973
2 0.577 0.23723723723723725 0.258 0.3063063063063063
2 0.461 0.7732732732732732 0.258 0.2072072072072072
2 0.221 0.7372372372372372 0.426 0.5135135135135135
