2 0.20390625 0.3360655737704918 0.060937500000000006 0.4238875878220141
2 0.40468750000000003 0.3044496487119438 0.053125000000000006 0.3700234192037471
2 0.49765625 0.2857142857142857 0.06406250000000001 0.3559718969555035
2 0.5828125000000001 0.3114754098360656 0.05625 0.36065573770491804
2 0.6859375000000001 0.2939110070257611 0.053125000000000006 0.32084309133489464
2 0.7796875000000001 0.2611241217798595 0.053125000000000006 0.30210772833723654
2 0.8757812500000001 0.23302107728337237 0.0484375 0.2224824355971897
2 0.9109375000000001 0.724824355971897 0.096875 0.5128805620608899
2 0.753125 0.7400468384074942 0.09375 0.39344262295081966
2 0.61484375 0.7540983606557377 0.09531250000000001 0.38875878220140514
2 0.47187500000000004 0.7494145199063231 0.1 0.3840749414519906
2 0.09609375 0.41100702576112413 0.06406250000000001 0.48009367681498827
2 0.28828125 0.3957845433255269 0.0703125 0.3700234192037471
2 0.5125000000000001 0.5491803278688525 0.9 0.892271662763466
