2 0.27466666666666667 0.706 0.24533333333333332 0.06
2 0.15866666666666665 0.892 0.088 0.124
2 0.9359999999999999 0.8130000000000001 0.12266666666666666 0.066
2 0.8306666666666667 0.736 0.04533333333333333 0.056
2 0.7666666666666666 0.73 0.04533333333333333 0.06
2 0.6026666666666667 0.611 0.10666666666666666 0.034
2 0.27999999999999997 0.617 0.07466666666666666 0.05
2 0.236 0.6880000000000001 0.20533333333333334 0.068
2 0.268 0.562 0.06133333333333333 0.032
2 0.9159999999999999 0.74 0.10933333333333332 0.04
2 0.536 0.705 0.23466666666666666 0.058
2 0.7666666666666666 0.685 0.18933333333333333 0.05
2 0.5053333333333333 0.6940000000000001 0.184 0.044
2 0.4373333333333333 0.893 0.5439999999999999 0.11800000000000001
