2 0.2078125 0.48125 0.24375000000000002 0.35
2 0.6468750000000001 0.4614583333333333 0.259375 0.4145833333333333
2 0.7468750000000001 0.3770833333333333 0.28750000000000003 0.3333333333333333
2 0.44921875 0.13958333333333334 0.3328125 0.12916666666666665
2 0.41718750000000004 0.5270833333333333 0.36250000000000004 0.3875
2 0.34296875000000004 0.4895833333333333 0.15781250000000002 0.45416666666666666
2 0.44765625000000003 0.24687499999999998 0.029687500000000002 0.21875
2 0.22031250000000002 0.2708333333333333 0.1625 0.2625
2 0.37421875000000004 0.546875 0.3359375 0.3770833333333333
2 0.4609375 0.50625 0.38125000000000003 0.3625
2 0.23750000000000002 0.5135416666666667 0.05 0.35625
2 0.534375 0.28541666666666665 0.25 0.29583333333333334
2 0.24609375 0.4375 0.17343750000000002 0.2625
