2 0.33875 0.46441947565543074 0.4025 0.3146067415730337
2 0.0425 0.5074906367041199 0.09 0.25842696629213485
2 0.58125 0.6853932584269663 0.3875 0.3970037453183521
2 0.82625 0.149812734082397 0.3375 0.3071161048689139
2 0.57875 0.07677902621722847 0.2625 0.16104868913857678
2 0.20750000000000002 0.4943820224719101 0.34500000000000003 0.28464419475655434
2 0.13 0.7434456928838952 0.13 0.3857677902621723
2 0.42125 0.8595505617977528 0.2125 0.21348314606741572
2 0.31875000000000003 0.900749063670412 0.0825 0.19101123595505617
2 0.5650000000000001 0.25842696629213485 0.195 0.27715355805243447
2 0.38125000000000003 0.47191011235955055 0.4325 0.4868913857677903
2 0.84 0.4943820224719101 0.115 0.651685393258427
2 0.4025 0.4943820224719101 0.665 0.9962546816479401
