2 0.515625 0.8475336322869955 0.1 0.03587443946188341
2 0.7562500000000001 0.9439461883408071 0.046875 0.06278026905829596
2 0.79453125 0.9484304932735426 0.0578125 0.04932735426008968
2 0.85546875 0.9473094170403588 0.0671875 0.06053811659192825
2 0.7742187500000001 0.8598654708520179 0.0390625 0.05605381165919283
2 0.81640625 0.8576233183856502 0.0421875 0.051569506726457395
2 0.7859375000000001 0.8015695067264574 0.040625 0.03811659192825112
2 0.6640625 0.7903587443946188 0.03125 0.03811659192825112
2 0.6898437500000001 0.7993273542600897 0.029687500000000002 0.02914798206278027
2 0.7796875000000001 0.8464125560538116 0.034375 0.051569506726457395
2 0.6734375 0.7791479820627802 0.03125 0.02466367713004484
2 0.696875 0.8385650224215246 0.034375 0.053811659192825115
2 0.7289062500000001 0.852017937219731 0.0390625 0.053811659192825115
2 0.7250000000000001 0.8733183856502242 0.078125 0.21300448430493274
